FoncNAff 
AxesNAff
0→Xmin:94→Xmax
0→Ymin:62→Ymax
EffDess
Ligne(27,15,27,17)
Ligne(28,15,28,17)
Ligne(29,15,29,17)

Ligne(27,36,27,53)
Ligne(28,36,28,53)
Ligne(29,36,29,53)

Ligne(30,12,47,12)
Ligne(30,13,47,13)
Ligne(30,14,47,14)

Ligne(30,18,30,20)
Ligne(31,18,31,20)
Ligne(32,18,32,20)

Ligne(30,27,30,35)
Ligne(31,27,31,35)
Ligne(32,27,32,35)

Ligne(30,54,30,56)
Ligne(31,54,31,56)
Ligne(32,54,32,56)

Ligne(33,21,33,26)
Ligne(34,21,34,26)
Ligne(35,21,35,26)

Ligne(36,21,36,23)
Ligne(37,21,37,23)
Ligne(38,21,38,23)

Ligne(36,50,36,52)
Ligne(37,50,37,52)
Ligne(38,50,38,52)

Ligne(39,18,44,18)
Ligne(39,19,44,19)
Ligne(39,20,44,20)

Ligne(33,56,38,56)
Ligne(33,57,38,57)
Ligne(33,58,38,58)

Ligne(39,53,39,55)
Ligne(40,53,40,55)
Ligne(41,53,41,55)

Ligne(45,15,59,15)
Ligne(45,16,59,16)
Ligne(45,17,59,17)

Ligne(42,56,60,56)
Ligne(42,57,60,57)
Ligne(42,58,60,58)

Ligne(57,53,62,53)
Ligne(57,54,62,54)
Ligne(57,55,62,55)

Ligne(57,12,65,12)
Ligne(57,13,65,13)
Ligne(57,14,65,14)

Ligne(54,18,54,20)
Ligne(55,18,55,20)
Ligne(56,18,56,20)

Ligne(66,15,66,17)
Ligne(67,15,67,17)
Ligne(68,15,68,17)

Ligne(69,18,69,20)
Ligne(70,18,70,20)
Ligne(71,18,71,20)

Ligne(57,21,57,26)
Ligne(58,21,58,26)
Ligne(59,21,59,26)

Ligne(72,21,72,29)
Ligne(73,21,73,29)
Ligne(74,21,74,29)

Ligne(60,27,60,29)
Ligne(61,27,61,29)
Ligne(62,27,62,29)

Ligne(63,30,71,30)
Ligne(63,31,71,31)
Ligne(63,32,71,32)

Ligne(72,33,72,41)
Ligne(73,33,73,41)
Ligne(74,33,74,41)

Ligne(69,41,69,43)
Ligne(70,41,70,43)
Ligne(71,41,71,43)

Ligne(66,44,66,49)
Ligne(67,44,67,49)
Ligne(68,44,68,49)

Ligne(63,50,63,52)
Ligne(64,50,64,52)
Ligne(65,50,65,52)

Ligne(48,32,48,37)
Ligne(49,32,49,37)
Ligne(50,32,50,37)

Ligne(45,41,45,49)
Ligne(46,41,46,49)
Ligne(47,41,47,49)

Ligne(51,41,51,49)
Ligne(52,41,52,49)
Ligne(53,41,53,49)

Texte(57,37,"Kirby <3")
Texte(50,1,"By")
Texte(57,1,"Baba !")